lv. 11191111 scrumosum. 321

1111111111111111111111111111111111111011511111111. 111.
92. 96.99.19.12.11.16.16.18. 118. 129. 122. 162. 199. 216.
616961. 66. 6669. 79. 99. 121. 222. 227. 269. 271. 281.
129199. 191. 192. 197.199.168. Plinius 16. 7677. 89. 96.
169. 166167. 171172. 176. 179. Plutarchus 6. 29. 21. 91. 91. 69. 69.
222. 267. 262. 271. -— 2⁰. 91111 69. 78. 86. 86. 99. 98. 196112.
(111. 111) 9. 29. 26. 27. 99. 97. 118. 11111111. n. 1.
16. 69. 61. 69. 69. 81. 81. 89. Polybius 12. 268.
191.122.199.161.189.182.196. 111111111161111292. ,
217. 267. 262272- 3⁰. Sub· Porphyrius 99. 96. 196. 128.
6111111 (111. 11-1) 199. 199. Proclus 10.
292. 267. Propertius 271.
11111111166. Prudentius 189. 186.
1111111111 29. 22 69. 66. 81. 62. 811111161221.
119. 116198. 111. 187. 228. 8111118111. 161.
..
Liuius 62 8111111111 61.
1111111121. 9111111111 21.
Lycophron 1. 6. 169. Strabo 6. 76.
Lycurgus 189. 811111 19.
11111129. 81111111 1. 16.7 .
dlsesrius 87. Tacitus 111.
discretius 71. 11111111 (111111 111. 111. 11) 11.
Melite 17. 19. 16166971 89. 81. 99. 99.
1111116111 127. 91. 106. 116191. 198. 112162.
Minucius Pel. 18. 19. 22. 91. 11. 169169. 161. 198. 219. 266272.
69. 69. 66. 7971. 99. 96. 98. 289.
116. 117197. 198111166168. Tertullisnus 8. 12 lit 17. 19. 22.
172. 179 176. 178. 179. 189. 1216. 61. 69. 69. 96. 71. 96. 88.
Nemeeius 291. 296. 299. 269. 111(111.).116.191.119.161167.
Origenes 81. 172. 171. 172. 176. 178. 189. 181. 211.
9 heus 86. 87. 99. 96. 96. ‘themistius 27. 89.
9 11162. 198166. 1111111111168.116.196.
1111111111. 6. 28. 62 79. 89. 11111111 191.
1111611116. 1111111111 111. 97. 16. 98. 169.
Philippus Sld. llLlllll. Llllll. 1111. 161. 168. 179. 189.
Philo LXV. 9. 299. Epimetr. u. 1. Thucydides 69. 129. 258
Philostratus 1. Tibullus 119. -
Photiun Llllll. 127. Virgilius 69.
Phrynichus 199. Xenophon 111. 11. 199.

2. Scriptorum recentiorum.

1111111011. 111. 111. 111. 111. 1111111111
81111 116. 116. 117. 161. 91111111. Bernhardy 86.

n. 1. 1111111111 val.
Bsudlul lllllll. Bigol 11111111.
81111111 val. Lllllli. 81111111 69.
8111111 11111. Lxxll. Lllllll'. Boeelrh 28.1lllt.
Bnuuugsrlcu, 8. 1., LlinV. Bolssousdo 66.
8111111111-6111111 111. llLlll. 811111111171.

Llllll. 91. 1919. 78126129. 8111111 Llll.

192. Epimetr. u. 1. 8111111111111169.
Β111,1. c.‚ 172. 111111 11. xlx. xiil.
Brylo 111111. 8111111111 29.

(torp. 11111111. 111. ¹ 21 Ι

 

